Objval: 478.77
Time: 14128.4 secondi
x_0_13=120
x_1_15=3
x_2_1=4
x_3_17=7
x_4_3=8
x_5_19=11
x_6_5=12
x_7_6=13
x_8_20=15
x_9_22=116
x_10_8=16
x_11_9=117
x_12_11=118
x_13_12=119
x_14_0=1
x_15_14=2
x_16_2=5
x_17_16=6
x_18_4=9
x_19_18=10
x_20_7=14
x_21_27=23
x_22_26=115
x_23_10=17
x_24_21=24
x_25_30=21
x_26_31=114
x_27_25=22
x_28_24=25
x_29_28=26
x_30_33=20
x_31_34=113
x_32_29=27
x_32_34=1.59872e-13
x_33_35=19
x_34_44=112
x_35_23=18
x_36_37=110
x_37_38=109
x_38_39=108
x_39_45=107
x_40_32=28
x_41_40=29
x_42_41=30
x_43_42=31
x_44_36=111
x_45_46=106
x_46_51=105
x_47_43=32
x_48_50=98
x_49_47=33
x_50_61=97
x_51_58=104
x_52_48=99
x_53_49=34
x_54_52=100
x_55_53=35
x_56_54=101
x_57_56=102
x_58_57=103
x_59_55=36
x_60_59=37
x_61_65=96
x_62_73=92
x_63_62=93
x_64_63=94
x_65_64=95
x_66_67=43
x_67_68=42
x_68_69=41
x_69_70=40
x_70_71=39
x_71_60=38
x_72_66=44
x_73_79=91
x_74_77=87
x_75_72=45
x_76_74=88
x_77_80=86
x_78_75=46
x_79_82=90
x_80_92=85
x_81_78=47
x_82_76=89
x_83_81=48
x_84_83=49
x_85_95=77
x_86_85=78
x_87_86=79
x_88_87=80
x_89_88=81
x_90_89=82
x_91_90=83
x_92_91=84
x_93_94=51
x_94_84=50
x_95_98=76
x_96_93=52
x_97_105=74
x_97_106=7.92166e-11
x_98_97=75
x_99_100=57
x_100_102=56
x_101_99=58
x_102_103=55
x_103_104=54
x_104_96=53
x_105_106=73
x_105_109=6.60139e-13
x_105_110=7.92166e-11
x_106_105=6.60139e-13
x_106_107=72
x_107_110=71
x_108_101=59
x_109_111=69
x_110_107=6.60139e-13
x_110_109=70
x_111_112=68
x_112_113=67
x_113_114=66
x_114_115=65
x_115_116=64
x_116_117=63
x_117_118=62
x_118_119=61
x_119_108=60
y_0_12=1
y_1_14=1
y_2_1=1
y_3_16=1
y_4_3=1
y_5_18=1
y_6_5=1
y_7_6=1
y_8_19=1
y_9_21=1
y_10_8=1
y_11_9=1
y_12_11=1
y_13_12=1
y_14_0=1
y_15_14=1
y_16_2=1
y_17_16=1
y_18_4=1
y_19_18=1
y_20_7=1
y_21_26=1
y_22_25=1
y_23_10=1
y_24_21=1
y_25_29=1
y_26_30=1
y_27_25=1
y_28_24=1
y_29_28=1
y_30_32=1
y_31_33=1
y_32_29=1
y_33_34=1
y_34_43=1
y_35_23=1
y_36_36=1
y_37_37=1
y_38_38=1
y_39_44=1
y_40_32=1
y_41_40=1
y_42_41=1
y_43_42=1
y_44_36=1
y_45_45=1
y_46_50=1
y_47_43=1
y_48_49=1
y_49_47=1
y_50_60=1
y_51_57=1
y_52_48=1
y_53_49=1
y_54_52=1
y_55_53=1
y_56_54=1
y_57_56=1
y_58_57=1
y_59_55=1
y_60_59=1
y_61_64=1
y_62_72=1
y_63_62=1
y_64_63=1
y_65_64=1
y_66_66=1
y_67_67=1
y_68_68=1
y_69_69=1
y_70_70=1
y_71_60=1
y_72_66=1
y_73_78=1
y_74_76=1
y_75_72=1
y_76_74=1
y_77_79=1
y_78_75=1
y_79_81=1
y_80_91=1
y_81_78=1
y_82_76=1
y_83_81=1
y_84_83=1
y_85_94=1
y_86_85=1
y_87_86=1
y_88_87=1
y_89_88=1
y_90_89=1
y_91_90=1
y_92_91=1
y_93_93=1
y_94_84=1
y_95_97=1
y_96_93=1
y_97_104=1
y_97_105=6.60139e-13
y_98_97=1
y_99_99=1
y_100_101=1
y_101_99=1
y_102_102=1
y_103_103=1
y_104_96=1
y_105_105=1
y_105_108=6.60139e-13
y_105_109=6.60139e-13
y_106_105=6.60139e-13
y_106_106=1
y_107_106=6.60139e-13
y_107_109=1
y_108_101=1
y_109_110=1
y_110_107=6.60139e-13
y_110_109=1
y_111_111=1
y_112_112=1
y_113_113=1
y_114_114=1
y_115_115=1
y_116_116=1
y_117_117=1
y_118_118=1
y_119_108=1
